1.261967276219950085e+00
1.132075458505306553e+00
1.044670290390705025e+00
9.388431628206066470e-01
7.644003981880177490e-01
5.274052788179125484e-01
3.086735577181417556e-01
1.173810848978525806e-01
6.437928772507724162e-02
6.409928678928129842e-02
7.681892247738142387e-02
7.495587894930257067e-02
8.002532558118710670e-02
1.086743855299513589e-01
1.213214089818600433e-01
1.918160472851365705e-01
2.424262230717058875e-01
2.436576147037580187e-01
2.377341156957179236e-01
1.873829908340302053e-01
1.622562700420811244e-01
1.285752711130599690e-01
1.807831339033214579e-01
1.254172187531107097e-01
8.892791366115028462e-02
1.092438946377553843e-01
1.106185445680051838e-01
7.957579103316966829e-02
9.112667916298408666e-02
1.084789467351413156e-01
8.907758918230358758e-02
1.092497106063815837e-01
2.227736642171825598e-01
3.990151449976554465e-01
6.345689050942379117e-01
8.396278472484104416e-01
5.692794046224962379e-02
6.934695995133591251e-02
7.969267752787893844e-02
7.831094668127303038e-02
7.903846827825952714e-02
7.948960568595980769e-02
7.224732031687230993e-02
9.443299387412880386e-02
9.615689617308072201e-02
7.770153200659478399e-02
6.875187763771210825e-02
6.155549264132654380e-02
5.652301366893621587e-02
5.126306283600429864e-02
5.129546144869324281e-02
5.045534391653998252e-02
5.589848390546641593e-02
5.660601043599935989e-02
6.408973792141717252e-02
7.295672076970530218e-02
9.776374084208060145e-02
1.211199820377633768e-01
1.122070349896648611e-01
8.915077519446164278e-02
7.983174368510741192e-02
6.878156013886801978e-02
6.538175949833145706e-02
5.449747958173587620e-02
5.117873880493795796e-02
4.788934732696138730e-02
4.974644112437608123e-02
5.059128832704148232e-02
5.549638946061322825e-02
6.420551395683191109e-02
7.515429278896432197e-02
6.528746202567463353e-02
5.647483278666037831e-02
5.173125792859670918e-02
5.101144041509371452e-02
5.084072238603986466e-02
5.227245027370715919e-02
5.706389797541382147e-02
6.334153667661282516e-02
6.293422401789328102e-02
6.669727131582342539e-02
8.001525733414846520e-02
9.440229453191603670e-02
1.376248988844996357e-01
1.646482401021948372e-01
1.675491488643145732e-01
1.675085046231795105e-01
1.180318850095441324e-01
1.085032109079899498e-01
9.001962066400961970e-02
9.472829412077074518e-02
8.866303645377325571e-02
9.306845034809224648e-02
8.171669228408331986e-02
7.283695186934435739e-02
7.529427943492786324e-02
5.725945620338208919e-02
5.536367413362500850e-02
5.722112282167011316e-02
6.827677152075128930e-02
6.127790539381323259e-02
6.692710258592460271e-02
7.311907361134473149e-02
7.341068742574416439e-02
8.623394891405877782e-02
8.107031287643345907e-02
7.536603387800104581e-02
7.268691389219847365e-02
9.950017911808625715e-02
1.010645394670915825e-01
8.855393105929677822e-02
6.998110488913350524e-02
6.753411003386664002e-02
6.787990781347323643e-02
6.913673188192004382e-02
7.376929286184012724e-02
7.044076625288064886e-02
7.327688969570531063e-02
7.160254065412065272e-02
6.616090015615458397e-02
6.622106532054207462e-02
7.188334700173520941e-02
7.799395650290195936e-02
1.124472532595838931e-01
1.021432135973035366e-01
8.106523463004963737e-02
9.017372488247164808e-02
1.004994667760263499e-01
1.340698615767284552e-01
1.598387936059524062e-01
1.452096998605594269e-01
9.573918644572379510e-02
8.175755681099530769e-02
7.709519721483142074e-02
6.084188712960987566e-02
6.013159498816169485e-02
5.758691736634122260e-02
5.585163845025609142e-02
6.005264261674007897e-02
6.082479310727632177e-02
6.257328467157405316e-02
7.553385843137665201e-02
8.628064305065404060e-02
7.686735384993180487e-02
7.339214024675938530e-02
9.953227408225119588e-02
1.258091826515581602e-01
9.147748292783584867e-02
8.563464390261761594e-02
7.536944326791610027e-02
6.004778167413326456e-02
5.662795386283532573e-02
5.572710793753818392e-02
5.271380385807402508e-02
5.658952436253661400e-02
6.503990239697930720e-02
7.924346646594318533e-02
1.388342315412746109e-01
2.418911997966492755e-01
1.813104021121306197e-01
1.607457519729331707e-01
1.539956038206732325e-01
1.513500927847006572e-01
1.334404731079789352e-01
1.202867616543768919e-01
1.171290427113804017e-01
9.669626909571667206e-02
9.167843090052758825e-02
8.140193126739991847e-02
6.499320596253936599e-02
6.214372330486327145e-02
5.934678091753112922e-02
5.859140359885222499e-02
5.057489925417857357e-02
5.108941053342017091e-02
5.548124859186660818e-02
5.559545388057822446e-02
5.979539699636691324e-02
7.046691594412077264e-02
8.261819037511881902e-02
1.187765852231222607e-01
1.847630978949801051e-01
2.939662601547582410e-01
4.693965332943459412e-01
6.072336736174962502e-01
7.489462388916844349e-01
8.042859070706759317e-01
7.666941769294325359e-01
6.983191034996106827e-01
5.537739484099084564e-01
3.443783603511187397e-01
2.579602701513597496e-01
2.035860512742400374e-01
8.890766076978230681e-02
6.591081037520632457e-02
5.743950887826062418e-02
5.512501882263001057e-02
5.555989980030842657e-02
5.799435607810524140e-02
5.872658640414572806e-02
5.857279052214245385e-02
6.100196159835891835e-02
6.100658893958068457e-02
6.767629475364347891e-02
8.701621279429770650e-02
1.007406501312513164e-01
1.022779129840602486e-01
9.732730223203366060e-02
1.049861760803237898e-01
1.118793153410042734e-01
1.238439560069571066e-01
1.431523837750134920e-01
1.348603426205003675e-01
1.501878056072629419e-01
1.808777292252628510e-01
1.500480229116248621e-01
1.504057743993103824e-01
1.206957319742370804e-01
1.246378200292376226e-01
8.330398449658822646e-02
7.565062437133905637e-02
6.549308728729982820e-02
6.345508530892146615e-02
6.024376497415909887e-02
6.696208552933144431e-02
7.508318954041909299e-02
9.040243413568159470e-02
1.273571839156389107e-01
1.783557715634680740e-01
2.468407215126284804e-01
2.258904580176805399e-01
1.954775864809217834e-01
1.049577551736590314e-01
8.609383152786520554e-02
6.488397425209166403e-02
6.345306055309458959e-02
7.584122546143480526e-02
8.221960147197830693e-02
6.739508493313538240e-02
5.439587983628964979e-02
5.516634944275217861e-02
5.335150186700318015e-02
5.557596372660239537e-02
5.477473789641620905e-02
4.905582844269596593e-02
4.883824270175281951e-02
5.219336781663901081e-02
6.309468302384049765e-02
7.281539190877245327e-02
1.039632068987479535e-01
1.187541631671548970e-01
1.044322038696786498e-01
8.375972133411589693e-02
6.937244637403217062e-02
5.363931019452553711e-02
5.202720869252873415e-02
6.263285196690161760e-02
5.168812230391705426e-02
5.559951575637821913e-02
5.208776315797004203e-02
5.382273308444757154e-02
6.167800276752340854e-02
1.155122180107611973e-01
1.347341947044485566e-01
1.649582688704934186e-01
1.862769026816160356e-01
9.106620442769747248e-02
8.744085961759560932e-02
9.058004003280055449e-02
1.031529199894203191e-01
1.083994045564971032e-01
9.018420547950040111e-02
7.210484225325777818e-02
6.957223160253125926e-02
6.342420196211577543e-02
5.541626037601689314e-02
5.559040631193282872e-02
7.021764652351131231e-02
7.686541638687795219e-02
9.804782432309340490e-02
1.603165889463914751e-01
1.514446706927979058e-01
1.455875588939092580e-01
1.126591593330991681e-01
9.608905285776087046e-02
1.156521716384413534e-01
1.309901678457800478e-01
1.131908367640408891e-01
1.035459684300890498e-01
1.623253794346212198e-01
1.933514739547354810e-01
1.828738211791295643e-01
1.761959067589078387e-01
2.002985198904687347e-01
2.320663062743329452e-01
