1.195124078286434743e+00
1.078494079337789735e+00
9.473785102411109715e-01
8.277643082423885579e-01
6.576272848911709490e-01
4.828347823876541489e-01
2.860762186281539665e-01
1.226044410220663017e-01
7.406157974551340339e-02
6.989235002808187602e-02
8.004167615608133446e-02
7.697832444848247413e-02
9.379973073349988366e-02
1.158228670144091227e-01
1.293906680830544664e-01
2.038103022982809542e-01
2.544394241718776484e-01
2.605701630959180171e-01
2.532089109888644440e-01
2.032654082028592657e-01
1.751646453905344181e-01
1.627578483130690534e-01
2.159382612745867069e-01
1.539787900116035557e-01
9.894877146786613953e-02
1.226186778972552516e-01
1.309104051620324782e-01
9.107079202552402497e-02
1.013433894471436059e-01
1.296940133906534509e-01
1.034555584374980963e-01
1.062536534298350599e-01
1.962261463741092060e-01
3.465109764074340570e-01
5.759345892040750314e-01
7.924468962229161972e-01
6.369130902291209040e-02
7.172954881935425520e-02
7.879445204979933226e-02
7.585687806996035953e-02
8.247870522993344666e-02
9.447187357003847263e-02
9.486825260097553336e-02
1.310987285506772793e-01
1.269323813180991689e-01
9.746722121944167982e-02
8.544599502847544104e-02
6.814814089960867516e-02
5.614113452431366419e-02
5.204833850389102567e-02
5.745399116040952880e-02
5.007621957503465004e-02
5.714245721586241888e-02
5.870155360664087996e-02
7.777298297937669525e-02
1.005703259527360865e-01
1.498077163834387882e-01
1.902290885216865735e-01
1.931992002819456211e-01
1.343740733979680302e-01
1.248370878489408198e-01
8.497584100606182800e-02
6.506194151517427637e-02
5.028294777794539011e-02
4.812541006995204457e-02
4.346438344875869914e-02
4.698658809982930035e-02
4.877246410843246588e-02
5.697420984590399751e-02
6.634473866824959487e-02
7.415245668676319346e-02
6.828447086701736057e-02
5.671105893676441079e-02
4.900935118838291998e-02
4.726916093867495477e-02
4.525438307860931569e-02
4.643527475110853509e-02
5.104424087364986540e-02
5.621444912444293479e-02
5.757480344331588479e-02
6.284668819793065575e-02
7.287084404691203388e-02
8.477715215400756510e-02
1.284029188543333033e-01
1.576633061271973113e-01
1.574938924907089699e-01
1.564188462709976690e-01
1.088796184858056154e-01
1.023101726089387098e-01
9.094313323760577772e-02
1.015077697085199349e-01
9.920865680289908672e-02
1.064873192152278464e-01
9.402960907508070565e-02
7.963851384455759852e-02
8.764519668129043539e-02
5.934666607391304860e-02
5.738297647894655129e-02
6.139647531405677955e-02
9.446857426381273515e-02
8.952089636178062193e-02
9.104886955440696927e-02
8.951155978943446667e-02
1.305063755626520994e-01
1.795802487892483590e-01
1.811218476548775436e-01
1.981600586752200743e-01
1.260431344611505078e-01
1.675268946070053167e-01
1.430371819376579645e-01
1.014018039600586563e-01
8.249279877030681052e-02
8.338919189090843176e-02
9.586027700947527541e-02
8.305577964568199023e-02
8.508965285766242892e-02
7.183808778162036057e-02
7.507624163003677464e-02
7.483356641748685478e-02
6.641497491702580414e-02
6.513800891244776736e-02
6.879303518128215833e-02
7.582093301630851712e-02
1.088506441316016427e-01
8.663708147622904698e-02
7.081638315882785029e-02
7.987925763789527345e-02
8.795036164383436550e-02
1.209040718766500738e-01
1.541801285648407849e-01
1.312920753491206294e-01
8.584594080901797319e-02
7.660744854043241570e-02
6.972930593925938392e-02
5.254138877284923043e-02
5.349212341319611180e-02
5.240424248602258001e-02
5.392365547806627496e-02
5.898585469998294389e-02
6.301933000100874704e-02
6.631166057432885674e-02
8.365657199383928766e-02
9.927862366686748818e-02
8.187964164641803322e-02
7.743372029297997117e-02
1.074857101997070824e-01
1.422962324639605591e-01
9.659739711248047089e-02
9.724385842459194740e-02
8.067764400897277366e-02
6.387222122747297781e-02
6.074713186602242326e-02
5.881475680889604318e-02
5.670512132519608950e-02
6.509031936070959479e-02
7.447324240715866295e-02
8.428828491527357025e-02
1.474093283722093251e-01
2.253097116101153152e-01
2.659905695187644303e-01
2.822175371610524119e-01
2.618158370918064470e-01
2.292133001794761926e-01
1.517369700268087762e-01
1.145785770793163322e-01
1.240180112822159147e-01
1.196323782446841039e-01
1.423254424743546354e-01
1.174017763210307430e-01
7.329733687589855273e-02
6.958164138412037403e-02
6.207939855749584207e-02
5.932792130265267944e-02
4.866282227542804290e-02
5.207392167568038882e-02
6.909545369997369124e-02
8.435224905462163081e-02
8.948393528717411838e-02
9.469958754667529011e-02
1.274167160589614323e-01
1.463211632420272912e-01
2.500836578777189678e-01
3.890999563629718994e-01
5.191871651918987807e-01
6.125873662180767454e-01
7.072849717405282899e-01
7.170848101863545043e-01
6.136500470205582536e-01
5.529379627272846820e-01
4.577485948003190419e-01
3.456111924607863095e-01
2.452411520447781712e-01
1.762936097791361623e-01
1.026839566554925975e-01
8.551747734990589045e-02
7.638905204370202706e-02
6.149435738003392743e-02
5.466433102960341350e-02
5.710824924791039342e-02
5.809488852378620616e-02
6.500443507004766142e-02
6.837459949513263746e-02
6.532006908891975494e-02
7.125294675923936338e-02
8.944721368750584156e-02
1.075585437426113955e-01
1.149627678349875587e-01
1.088863152785873173e-01
1.137289822901814962e-01
1.295598392756219797e-01
1.491814198506162259e-01
1.582673056542711898e-01
1.651619904000816430e-01
1.620534178021376115e-01
1.971357648059453294e-01
1.713025029765813667e-01
1.327914076388541642e-01
1.072005617952571654e-01
1.184998599023433380e-01
8.029619443750639352e-02
7.296349965497160583e-02
6.511807247324054304e-02
6.594709830910397419e-02
6.424029253939364525e-02
7.239731244742013405e-02
8.416417526737549060e-02
1.098229813817824529e-01
1.500901042308280531e-01
1.948294693710801717e-01
2.236001520455468405e-01
2.077966315996644664e-01
1.619091924151981887e-01
1.120842360752059563e-01
9.231056404537348048e-02
7.227593394938046367e-02
7.087026457578429750e-02
9.303471486801534462e-02
1.071706627021146024e-01
9.591622321067484747e-02
6.534520276262476002e-02
5.371840573079037645e-02
5.058478019107295193e-02
5.729502535136031527e-02
5.393177799831835872e-02
4.817111519903010536e-02
5.001884003776935206e-02
5.468975441781806501e-02
6.538170737679774303e-02
7.864171571036450425e-02
1.190215918349131624e-01
1.335195883335100753e-01
1.109336487007549082e-01
9.269628315881027480e-02
7.968823784380629771e-02
5.950573258339450500e-02
5.682172735445720907e-02
6.733275541051231272e-02
5.596342472746430180e-02
5.652399630425227611e-02
5.127440031442753732e-02
4.978600037493806363e-02
5.744253986151889868e-02
1.117732129775417943e-01
1.194431251945878986e-01
1.464314668340335468e-01
1.215403525240348614e-01
1.125092010126283043e-01
1.882085051379187857e-01
1.341791450589472356e-01
1.461566542382692901e-01
1.453796551812701066e-01
1.023085459490982591e-01
7.451408618317439947e-02
7.141747780528032163e-02
5.980434815792033676e-02
5.367781649246210901e-02
5.314967640742078447e-02
6.535054837701886887e-02
6.817294817323223122e-02
8.512656210326383088e-02
1.426242034559994654e-01
1.413606510272719663e-01
1.366659421824039100e-01
1.114906543869260830e-01
9.427380577726332533e-02
1.100325805502719440e-01
1.220493811221165792e-01
1.058705156345673276e-01
9.893673832355788511e-02
1.455707494621029108e-01
1.701745714424602318e-01
1.615190292501036406e-01
1.578440923410792951e-01
1.844002277938307510e-01
2.106125583615168217e-01
