0	1	0.951596
0	2	0.848862
1	2	0.938128
2	3	0.921872
3	4	0.896491
4	5	0.855481
5	6	0.801327
10	11	0.817163
15	16	0.903262
16	17	0.907661
16	18	0.910801
17	18	0.958302
17	19	0.903893
18	19	0.919065
18	20	0.821199
19	20	0.867307
21	22	0.839398
22	23	0.886173
23	24	0.857804
25	26	0.888524
26	27	0.803985
28	29	0.845032
29	30	0.879171
30	31	0.806343
34	35	0.904984
40	41	0.816831
41	42	0.855490
43	44	0.852948
48	49	0.823366
57	58	0.889854
60	61	0.865719
62	63	0.834504
67	68	0.803472
68	69	0.841611
69	70	0.864627
71	72	0.821213
72	73	0.826183
74	75	0.817766
75	76	0.803525
76	77	0.804042
77	78	0.814073
78	79	0.843959
79	80	0.825925
80	81	0.814526
81	82	0.852617
82	83	0.829380
83	84	0.880526
83	86	0.820294
84	85	0.854625
84	86	0.823081
85	86	0.867370
85	87	0.824061
86	87	0.889973
89	90	0.874201
90	91	0.844501
91	92	0.826936
92	93	0.849312
93	94	0.819859
94	95	0.807485
99	100	0.804263
100	101	0.862980
101	102	0.803705
104	105	0.816250
105	106	0.907666
106	107	0.838971
112	113	0.829068
114	115	0.831324
115	116	0.800011
116	117	0.849979
117	118	0.842615
118	119	0.871278
119	120	0.848241
120	121	0.847185
121	122	0.839008
122	123	0.827655
124	125	0.858234
125	126	0.849369
127	128	0.801126
130	131	0.843465
131	132	0.834187
133	134	0.815372
134	135	0.823010
137	138	0.812176
138	139	0.824109
139	140	0.858502
140	141	0.873065
142	143	0.811954
147	148	0.836343
148	149	0.849995
149	150	0.824833
150	151	0.866925
151	152	0.828791
152	153	0.858568
153	154	0.862022
154	155	0.836894
169	170	0.850064
170	171	0.809045
175	176	0.867161
176	177	0.897214
177	238	0.861332
178	179	0.807862
183	184	0.851802
184	185	0.903365
184	186	0.809168
185	186	0.902497
186	187	0.883939
187	188	0.861038
188	189	0.821125
194	195	0.879557
195	196	0.860826
200	201	0.825570
201	202	0.843228
202	203	0.852159
203	204	0.854823
204	205	0.838887
205	206	0.860424
206	207	0.856836
206	209	0.811524
207	208	0.848891
207	210	0.815086
208	209	0.916583
208	210	0.810240
209	210	0.861532
210	211	0.878247
211	212	0.855223
212	213	0.838177
216	217	0.801563
220	221	0.815875
221	222	0.816919
222	223	0.844176
223	224	0.829126
224	225	0.844096
225	226	0.848110
234	235	0.808730
237	238	0.837019
238	239	0.865136
245	246	0.840794
253	254	0.851888
254	255	0.860708
267	268	0.819275
269	270	0.815670
272	273	0.809883
274	275	0.808504
275	276	0.811905
280	281	0.831322
280	282	0.804315
281	282	0.910065
282	283	0.870411
282	285	0.850351
283	284	0.916451
285	286	0.867161
286	287	0.810559
286	288	0.809032
286	289	0.864336
287	288	0.906060
287	290	0.824627
288	289	0.870090
288	290	0.829118
289	290	0.901868
290	291	0.904616
290	292	0.870328
290	293	0.831743
291	292	0.916100
292	293	0.896975
