14	183	0.416491
15	183	0.569115
15	184	0.478471
16	85	-0.407773
16	86	-0.429754
16	183	0.547080
16	184	0.497718
16	185	0.431381
17	86	-0.429538
17	88	-0.420198
17	183	0.414719
17	184	0.411475
18	86	-0.422342
18	183	0.463613
18	184	0.448053
18	185	0.410893
20	183	0.513908
20	184	0.492732
20	185	0.446011
21	181	0.402280
21	233	-0.437459
22	235	-0.408613
26	235	-0.406486
26	267	-0.427744
76	82	-0.402701
77	82	-0.474757
77	87	-0.440330
78	82	-0.444493
78	84	-0.453819
78	85	-0.512658
78	86	-0.457642
78	87	-0.561676
78	276	-0.444951
79	82	-0.404977
79	85	-0.421876
79	87	-0.471602
79	276	-0.409328
80	82	-0.404340
80	87	-0.437615
81	85	-0.456005
81	86	-0.535963
81	87	-0.644170
81	88	-0.501305
81	276	-0.415739
82	86	-0.715187
82	87	-0.653305
82	88	-0.610668
82	121	-0.439750
82	125	-0.558772
82	126	-0.633736
82	127	-0.721381
82	128	-0.453080
82	129	-0.462467
82	130	-0.603983
82	131	-0.716905
82	132	-0.591041
82	134	-0.451146
82	182	0.405481
82	184	0.406247
82	186	0.434034
83	85	-0.443193
83	86	-0.550072
83	87	-0.678093
83	88	-0.459269
84	125	-0.455542
84	126	-0.543152
84	127	-0.618492
84	128	-0.445076
84	130	-0.412082
84	131	-0.511165
85	125	-0.420499
85	126	-0.551221
85	127	-0.638473
85	128	-0.531354
85	131	-0.435025
85	134	-0.470490
86	90	-0.423760
86	127	-0.416131
86	128	-0.476335
87	93	-0.424506
87	125	-0.421887
87	126	-0.576703
87	127	-0.646557
87	128	-0.543699
87	134	-0.486463
87	135	-0.404087
88	90	-0.417983
88	126	-0.407786
88	127	-0.403938
88	128	-0.403172
124	265	-0.466184
126	220	-0.417950
126	276	-0.426752
127	276	-0.421077
130	182	0.403721
130	276	-0.403653
131	222	-0.403351
131	262	0.403195
131	273	-0.407566
131	274	-0.410459
131	275	-0.448182
131	276	-0.504782
131	277	-0.417686
132	220	-0.413915
132	222	-0.421827
132	276	-0.461913
167	267	-0.449951
167	268	-0.451092
167	269	-0.456717
168	235	-0.432302
168	267	-0.492432
168	268	-0.475949
168	269	-0.476238
169	235	-0.424801
169	267	-0.487247
169	268	-0.427388
169	269	-0.419993
170	234	-0.412193
170	235	-0.442706
170	267	-0.506466
170	268	-0.439282
170	269	-0.427277
178	181	0.421492
178	234	-0.452554
178	235	-0.460962
178	267	-0.400554
179	235	-0.438862
179	266	-0.489055
179	267	-0.580247
179	268	-0.506101
181	201	0.418748
181	202	0.474101
181	203	0.483505
181	204	0.448740
181	206	0.406243
181	219	0.400072
181	220	0.431203
181	221	0.446870
181	222	0.507434
181	223	0.492381
181	224	0.462363
181	267	-0.443116
181	268	-0.521161
181	272	0.470944
181	273	0.512023
181	274	0.520330
182	186	-0.427821
182	187	-0.448138
182	188	-0.411924
182	223	0.405131
182	273	0.425768
182	274	0.481815
199	267	-0.414832
200	232	-0.452549
200	234	-0.490382
200	235	-0.508151
200	236	-0.401952
200	266	-0.410722
200	267	-0.575020
200	268	-0.531088
200	269	-0.510817
201	232	-0.474419
201	234	-0.491665
201	235	-0.521368
201	267	-0.621702
201	268	-0.580724
201	269	-0.565563
202	232	-0.480061
202	234	-0.485082
202	235	-0.539426
202	236	-0.401384
202	266	-0.421137
202	267	-0.652595
202	268	-0.618288
202	269	-0.604749
202	270	-0.457613
203	232	-0.486630
203	234	-0.467184
203	235	-0.521838
203	267	-0.655857
203	268	-0.655147
203	269	-0.644916
203	270	-0.497460
204	232	-0.415800
204	234	-0.400335
204	235	-0.449827
204	267	-0.546589
204	268	-0.560073
204	269	-0.559025
204	270	-0.437666
205	235	-0.436404
205	267	-0.523703
205	268	-0.566108
205	269	-0.575247
205	270	-0.451073
206	235	-0.410183
206	267	-0.536524
206	268	-0.537389
206	269	-0.534134
206	270	-0.442519
207	267	-0.528820
207	268	-0.493094
207	269	-0.490065
207	270	-0.402703
208	267	-0.537598
208	268	-0.545787
208	269	-0.551783
208	270	-0.454528
209	267	-0.557802
209	268	-0.554114
209	269	-0.549783
209	270	-0.500099
210	267	-0.469491
210	268	-0.426933
210	269	-0.434055
210	270	-0.410226
212	267	-0.538969
212	268	-0.435682
216	276	0.431236
217	237	-0.418341
217	263	-0.437668
217	266	-0.473103
217	270	-0.503306
217	276	0.416193
218	237	-0.425890
218	266	-0.437976
219	263	-0.405364
219	266	-0.453454
219	270	-0.494372
220	236	-0.412189
220	237	-0.432125
220	263	-0.478302
220	266	-0.519980
220	267	-0.445146
220	268	-0.437942
220	269	-0.426976
220	270	-0.579644
221	235	-0.473692
221	236	-0.436710
221	266	-0.512353
221	267	-0.565055
221	268	-0.539172
221	269	-0.513222
221	270	-0.570449
222	232	-0.475992
222	234	-0.437299
222	235	-0.529536
222	236	-0.436292
222	266	-0.521409
222	267	-0.695783
222	268	-0.629819
222	269	-0.596394
222	270	-0.550419
223	232	-0.481295
223	234	-0.471516
223	235	-0.543135
223	236	-0.436501
223	266	-0.510073
223	267	-0.695150
223	268	-0.646499
223	269	-0.610331
223	270	-0.538464
224	232	-0.491100
224	234	-0.474514
224	235	-0.518933
224	266	-0.452076
224	267	-0.682051
224	268	-0.636477
224	269	-0.611860
224	270	-0.477860
225	232	-0.416245
225	267	-0.535653
225	268	-0.516731
225	269	-0.513831
232	272	-0.428393
232	273	-0.469682
232	274	-0.430029
234	273	-0.448899
235	269	0.415176
235	272	-0.405975
235	273	-0.537720
235	274	-0.471404
236	270	0.442954
236	273	-0.405597
236	274	-0.415461
236	276	-0.401178
237	270	0.519321
237	275	-0.475094
237	276	-0.533625
261	276	-0.445759
262	274	-0.469024
262	275	-0.418991
262	276	-0.485763
263	270	0.428494
263	274	-0.503131
263	275	-0.541341
263	276	-0.633141
264	276	-0.411148
265	266	-0.446894
265	267	-0.654144
265	268	-0.404039
265	291	-0.434087
266	273	-0.491764
266	274	-0.463317
266	275	-0.405110
266	276	-0.401261
267	271	-0.434504
267	272	-0.609565
267	273	-0.716869
267	274	-0.572195
268	271	-0.459248
268	272	-0.612089
268	273	-0.642029
268	274	-0.587203
269	271	-0.416125
269	272	-0.586715
269	273	-0.592666
269	274	-0.585061
270	272	-0.485497
270	273	-0.522280
270	274	-0.650986
270	275	-0.587959
270	276	-0.619707
270	277	-0.458367
