15	183	0.569115
16	183	0.547080
20	183	0.513908
78	85	-0.512658
78	87	-0.561676
81	86	-0.535963
81	87	-0.644170
81	88	-0.501305
82	86	-0.715187
82	87	-0.653305
82	88	-0.610668
82	125	-0.558772
82	126	-0.633736
82	127	-0.721381
82	130	-0.603983
82	131	-0.716905
82	132	-0.591041
83	86	-0.550072
83	87	-0.678093
84	126	-0.543152
84	127	-0.618492
84	131	-0.511165
85	126	-0.551221
85	127	-0.638473
85	128	-0.531354
87	126	-0.576703
87	127	-0.646557
87	128	-0.543699
131	276	-0.504782
170	267	-0.506466
179	267	-0.580247
179	268	-0.506101
181	222	0.507434
181	268	-0.521161
181	273	0.512023
181	274	0.520330
200	235	-0.508151
200	267	-0.575020
200	268	-0.531088
200	269	-0.510817
201	235	-0.521368
201	267	-0.621702
201	268	-0.580724
201	269	-0.565563
202	235	-0.539426
202	267	-0.652595
202	268	-0.618288
202	269	-0.604749
203	235	-0.521838
203	267	-0.655857
203	268	-0.655147
203	269	-0.644916
204	267	-0.546589
204	268	-0.560073
204	269	-0.559025
205	267	-0.523703
205	268	-0.566108
205	269	-0.575247
206	267	-0.536524
206	268	-0.537389
206	269	-0.534134
207	267	-0.528820
208	267	-0.537598
208	268	-0.545787
208	269	-0.551783
209	267	-0.557802
209	268	-0.554114
209	269	-0.549783
209	270	-0.500099
212	267	-0.538969
217	270	-0.503306
220	266	-0.519980
220	270	-0.579644
221	266	-0.512353
221	267	-0.565055
221	268	-0.539172
221	269	-0.513222
221	270	-0.570449
222	235	-0.529536
222	266	-0.521409
222	267	-0.695783
222	268	-0.629819
222	269	-0.596394
222	270	-0.550419
223	235	-0.543135
223	266	-0.510073
223	267	-0.695150
223	268	-0.646499
223	269	-0.610331
223	270	-0.538464
224	235	-0.518933
224	267	-0.682051
224	268	-0.636477
224	269	-0.611860
225	267	-0.535653
225	268	-0.516731
225	269	-0.513831
235	273	-0.537720
237	270	0.519321
237	276	-0.533625
263	274	-0.503131
263	275	-0.541341
263	276	-0.633141
265	267	-0.654144
267	272	-0.609565
267	273	-0.716869
267	274	-0.572195
268	272	-0.612089
268	273	-0.642029
268	274	-0.587203
269	272	-0.586715
269	273	-0.592666
269	274	-0.585061
270	273	-0.522280
270	274	-0.650986
270	275	-0.587959
270	276	-0.619707
