81	87	-0.644170
82	86	-0.715187
82	87	-0.653305
82	88	-0.610668
82	126	-0.633736
82	127	-0.721381
82	130	-0.603983
82	131	-0.716905
83	87	-0.678093
84	127	-0.618492
85	127	-0.638473
87	127	-0.646557
201	267	-0.621702
202	267	-0.652595
202	268	-0.618288
202	269	-0.604749
203	267	-0.655857
203	268	-0.655147
203	269	-0.644916
222	267	-0.695783
222	268	-0.629819
223	267	-0.695150
223	268	-0.646499
223	269	-0.610331
224	267	-0.682051
224	268	-0.636477
224	269	-0.611860
263	276	-0.633141
265	267	-0.654144
267	272	-0.609565
267	273	-0.716869
268	272	-0.612089
268	273	-0.642029
270	274	-0.650986
270	276	-0.619707
