15	183	0.569115
78	87	-0.561676
81	87	-0.644170
82	86	-0.715187
82	87	-0.653305
82	88	-0.610668
82	125	-0.558772
82	126	-0.633736
82	127	-0.721381
82	130	-0.603983
82	131	-0.716905
82	132	-0.591041
83	86	-0.550072
83	87	-0.678093
84	127	-0.618492
85	126	-0.551221
85	127	-0.638473
87	126	-0.576703
87	127	-0.646557
179	267	-0.580247
200	267	-0.575020
201	267	-0.621702
201	268	-0.580724
201	269	-0.565563
202	267	-0.652595
202	268	-0.618288
202	269	-0.604749
203	267	-0.655857
203	268	-0.655147
203	269	-0.644916
204	268	-0.560073
204	269	-0.559025
205	268	-0.566108
205	269	-0.575247
208	269	-0.551783
209	267	-0.557802
209	268	-0.554114
220	270	-0.579644
221	267	-0.565055
221	270	-0.570449
222	267	-0.695783
222	268	-0.629819
222	269	-0.596394
222	270	-0.550419
223	267	-0.695150
223	268	-0.646499
223	269	-0.610331
224	267	-0.682051
224	268	-0.636477
224	269	-0.611860
263	276	-0.633141
265	267	-0.654144
267	272	-0.609565
267	273	-0.716869
267	274	-0.572195
268	272	-0.612089
268	273	-0.642029
268	274	-0.587203
269	272	-0.586715
269	273	-0.592666
269	274	-0.585061
270	274	-0.650986
270	275	-0.587959
270	276	-0.619707
