0	1	0.952477
0	2	0.847480
1	2	0.936895
2	3	0.923745
3	4	0.910484
4	5	0.877257
5	6	0.871761
13	14	0.812338
14	15	0.862277
14	16	0.857408
14	17	0.868137
14	18	0.873912
14	19	0.859477
15	16	0.938926
15	18	0.847655
16	17	0.923368
16	18	0.940408
16	19	0.815583
17	18	0.972728
17	19	0.937261
17	20	0.823769
18	19	0.938808
18	20	0.862010
19	20	0.887025
21	22	0.831183
22	23	0.851811
23	24	0.809324
25	26	0.857042
28	29	0.806468
29	30	0.867724
34	35	0.905664
36	37	0.806166
37	38	0.835574
41	42	0.811269
53	54	0.819558
54	55	0.813684
57	58	0.832075
58	59	0.824472
59	60	0.853581
60	61	0.857779
61	62	0.806990
62	63	0.834120
68	69	0.805267
69	70	0.814621
72	73	0.825359
73	74	0.801974
74	75	0.832298
75	76	0.818463
76	77	0.820166
77	78	0.809033
78	79	0.831659
79	80	0.812760
85	87	0.870509
86	87	0.844800
90	91	0.822945
92	93	0.816715
96	97	0.838395
97	98	0.811536
100	101	0.829916
105	106	0.858815
106	107	0.887114
110	111	0.807585
111	112	0.869690
112	113	0.850005
114	115	0.806285
115	116	0.821573
116	117	0.859591
117	118	0.848723
118	119	0.870433
119	120	0.855330
120	121	0.837108
121	122	0.853813
122	123	0.829985
124	125	0.881979
125	126	0.852475
126	127	0.831356
133	134	0.800268
134	135	0.823338
135	136	0.805426
138	139	0.814051
139	140	0.856464
140	141	0.878696
141	142	0.810689
142	143	0.829692
150	151	0.827618
152	153	0.808997
153	154	0.814645
166	167	0.804741
168	169	0.855506
169	170	0.868843
183	184	0.818489
184	185	0.852974
185	186	0.905649
186	187	0.871544
187	188	0.887123
188	189	0.853218
194	195	0.811084
195	196	0.821967
200	201	0.831076
201	202	0.843473
202	203	0.870269
203	204	0.883603
204	205	0.868117
204	206	0.817078
205	206	0.875259
206	207	0.888740
206	209	0.806723
207	208	0.853844
207	210	0.819291
208	209	0.918902
208	210	0.817488
209	210	0.875910
210	211	0.867235
211	212	0.827682
212	213	0.803435
216	217	0.805691
217	218	0.809753
218	219	0.831597
219	220	0.854839
220	221	0.855295
221	222	0.803282
222	223	0.862938
223	224	0.836124
224	225	0.822944
230	231	0.824963
234	235	0.903453
235	236	0.832412
235	267	0.806263
235	268	0.813262
236	237	0.843704
236	266	0.822890
245	246	0.822004
253	254	0.809687
254	255	0.834790
263	264	0.879177
266	267	0.868788
266	268	0.808556
267	268	0.911591
267	269	0.835724
268	269	0.939038
272	273	0.824968
275	276	0.880941
276	277	0.816365
281	282	0.828289
282	283	0.829787
283	284	0.876008
285	286	0.847541
286	287	0.839258
286	289	0.832308
287	288	0.897825
287	290	0.812311
288	289	0.827264
289	290	0.889007
290	291	0.800048
291	292	0.830280
292	293	0.841003
