0	1	0.957774
0	2	0.873103
1	2	0.945216
1	3	0.827369
2	3	0.936931
2	4	0.834034
3	4	0.928360
4	5	0.895867
5	6	0.812870
13	14	0.806017
14	15	0.889766
14	16	0.868797
14	17	0.842867
14	18	0.853971
14	19	0.836647
15	16	0.927899
15	18	0.824855
16	17	0.925160
16	18	0.931717
16	19	0.810277
17	18	0.966186
17	19	0.921291
18	19	0.935845
18	20	0.834972
19	20	0.871048
21	22	0.871440
22	23	0.800275
23	24	0.814960
25	26	0.842144
28	29	0.829919
29	30	0.827924
33	34	0.851542
34	35	0.909093
36	37	0.822620
37	38	0.802970
40	41	0.825576
41	42	0.812428
43	44	0.833222
48	49	0.844573
49	50	0.841810
50	51	0.808441
53	54	0.845901
54	55	0.834800
55	56	0.834190
55	59	0.800659
56	57	0.804087
57	58	0.865017
58	59	0.856856
59	60	0.839589
60	61	0.836112
61	62	0.816416
62	63	0.866068
63	64	0.806714
65	66	0.829690
66	67	0.809158
67	68	0.815500
68	69	0.828806
69	70	0.858306
71	72	0.812777
72	73	0.837014
73	74	0.824286
74	75	0.854335
75	76	0.834980
76	77	0.842752
77	78	0.848845
78	79	0.868976
79	80	0.850823
80	81	0.839692
81	82	0.882398
81	88	0.802479
82	83	0.855052
82	84	0.817365
82	87	0.829260
82	88	0.802521
83	84	0.898544
83	86	0.840679
84	85	0.871795
84	86	0.853632
85	86	0.889265
85	87	0.856237
86	87	0.901610
87	88	0.809918
89	90	0.878844
90	91	0.832509
92	93	0.826196
93	94	0.807136
96	97	0.841843
97	98	0.829303
100	101	0.852072
101	102	0.823833
102	103	0.801983
105	106	0.879057
106	107	0.890568
108	109	0.801553
110	111	0.830166
111	112	0.856250
112	113	0.840285
115	116	0.821889
116	117	0.855840
117	118	0.833628
118	119	0.861304
119	120	0.854863
120	121	0.840766
121	122	0.850765
122	123	0.813598
124	125	0.870457
125	126	0.836215
126	127	0.837805
127	128	0.857155
130	131	0.823118
134	135	0.845731
135	136	0.815743
137	138	0.815160
138	139	0.815126
139	140	0.854435
140	141	0.861214
142	143	0.810116
148	149	0.823546
149	150	0.827332
150	151	0.867639
151	152	0.807699
152	153	0.844606
153	154	0.835037
157	158	0.808176
166	167	0.801334
168	169	0.815182
169	170	0.844402
176	177	0.815136
183	184	0.884609
184	185	0.924812
184	186	0.855743
185	186	0.937674
185	187	0.856345
186	187	0.914499
187	188	0.914294
188	189	0.889906
194	195	0.835075
195	196	0.854808
196	197	0.822398
197	198	0.813357
200	201	0.818836
201	202	0.830842
202	203	0.841693
203	204	0.841712
204	205	0.828046
205	206	0.840287
206	207	0.816823
207	208	0.802141
208	209	0.879587
209	210	0.825518
210	211	0.832547
214	215	0.814576
216	217	0.813899
222	223	0.839167
223	224	0.820349
224	225	0.836649
225	226	0.834690
230	231	0.832395
234	235	0.822460
236	237	0.891560
238	239	0.818242
245	246	0.839942
253	254	0.834830
254	255	0.846299
267	268	0.829861
268	269	0.830860
272	273	0.811239
274	275	0.811648
275	276	0.825539
281	282	0.902999
282	283	0.875223
282	285	0.847436
283	284	0.907374
285	286	0.871582
286	289	0.875789
287	288	0.922315
287	290	0.842714
287	291	0.806871
288	289	0.860372
288	290	0.830844
289	290	0.903864
290	291	0.907316
290	292	0.884766
290	293	0.861597
291	292	0.932695
291	293	0.815404
292	293	0.911436
