3	7	0.400338
4	7	0.425052
5	7	0.422688
6	7	0.409538
7	151	-0.403133
7	153	-0.400103
7	154	-0.410206
16	184	0.402205
21	232	-0.510260
21	233	-0.478508
21	234	-0.631413
21	235	-0.600201
21	237	-0.401826
22	232	-0.418796
22	234	-0.550313
22	235	-0.610312
22	236	-0.584363
22	237	-0.498016
23	232	-0.415754
23	234	-0.515648
23	235	-0.520665
26	234	-0.401309
52	105	0.415756
52	106	0.448627
53	106	0.451359
54	104	0.495492
54	105	0.523302
54	106	0.564416
54	107	0.422957
55	104	0.468389
55	105	0.468769
55	106	0.512085
56	106	0.401651
57	106	0.409513
58	104	0.423556
58	105	0.401173
58	106	0.457046
59	104	0.520087
59	105	0.507749
59	106	0.582742
59	107	0.431525
60	104	0.539401
60	105	0.525820
60	106	0.540704
60	182	0.444877
61	104	0.434511
61	105	0.475687
61	106	0.471053
61	182	0.422225
77	82	-0.413701
78	82	-0.411672
78	85	-0.432211
78	87	-0.504869
78	130	-0.412473
78	266	0.400741
79	87	-0.404553
81	86	-0.481540
81	87	-0.612314
81	88	-0.473241
82	86	-0.674992
82	87	-0.623734
82	88	-0.562878
82	125	-0.504669
82	126	-0.528756
82	127	-0.642161
82	129	-0.425053
82	130	-0.589903
82	131	-0.685928
82	132	-0.480660
83	85	-0.407665
83	86	-0.529687
83	87	-0.645514
83	88	-0.409176
84	126	-0.421090
84	127	-0.523154
84	131	-0.436706
85	126	-0.425787
85	127	-0.525401
85	128	-0.409355
87	126	-0.450220
87	127	-0.529353
87	128	-0.404903
93	104	0.409579
93	106	0.430640
94	104	0.427493
94	105	0.411986
94	106	0.476797
95	106	0.476768
96	105	0.444657
96	106	0.544374
96	107	0.480942
97	105	0.486247
97	106	0.559807
97	107	0.420197
99	267	-0.467971
100	105	0.496802
100	106	0.501704
100	267	-0.619474
100	268	-0.400225
101	105	0.462223
101	106	0.483021
101	267	-0.537226
102	267	-0.414874
103	176	0.413974
104	160	0.448935
104	289	0.478936
104	290	0.423858
104	292	0.428156
104	293	0.402923
105	194	0.401403
105	195	0.430227
105	289	0.430515
106	111	0.438548
106	112	0.422094
106	113	0.494396
106	114	0.428425
106	289	0.423708
107	113	0.423391
123	195	0.412822
125	267	0.418472
126	267	0.404380
127	130	-0.408110
128	130	-0.424127
130	262	0.424487
130	277	-0.441621
131	216	-0.452640
131	222	-0.408082
131	262	0.472302
131	275	-0.466659
131	276	-0.507231
131	277	-0.494444
132	222	-0.416853
132	267	0.438410
132	275	-0.407079
132	276	-0.474879
132	277	-0.404298
133	235	0.422606
133	266	0.437963
133	267	0.482290
133	268	0.466033
133	269	0.415320
134	266	0.419522
134	267	0.470580
134	268	0.402326
134	276	-0.419147
135	267	0.403687
158	161	0.475580
159	162	0.471436
161	269	0.441681
167	268	-0.411315
167	269	-0.414377
168	234	-0.421940
168	269	-0.436113
170	232	-0.452517
175	281	0.452898
176	280	0.434706
176	281	0.548788
176	282	0.455958
177	281	0.542111
177	282	0.423739
178	267	-0.526725
178	268	-0.493909
178	281	0.429073
179	199	0.408890
179	200	0.430173
179	201	0.445100
179	202	0.424424
179	223	0.434361
179	224	0.440644
179	266	-0.502935
179	267	-0.781077
179	268	-0.648730
180	234	-0.451320
180	235	-0.453308
180	267	-0.454200
180	268	-0.521134
181	232	-0.588208
181	233	-0.404384
181	234	-0.606874
181	235	-0.517701
181	266	-0.430514
181	267	-0.575359
181	268	-0.606772
181	269	-0.519425
182	232	-0.460331
182	234	-0.502791
182	235	-0.443006
194	267	-0.426485
195	267	-0.402519
200	232	-0.522700
200	234	-0.419161
201	232	-0.535476
201	234	-0.426027
201	269	-0.441724
202	232	-0.517556
202	234	-0.446310
202	269	-0.481341
203	232	-0.511183
203	234	-0.442222
203	268	-0.465042
203	269	-0.547598
203	270	-0.428282
204	232	-0.430881
204	234	-0.413318
204	268	-0.445664
204	269	-0.499077
205	268	-0.462970
205	269	-0.521799
205	270	-0.416062
206	267	-0.442066
206	268	-0.461519
206	269	-0.515160
206	270	-0.432531
207	269	-0.464300
207	270	-0.407025
208	268	-0.406315
208	269	-0.500350
208	270	-0.460429
209	267	-0.459837
209	268	-0.456377
209	269	-0.519726
209	270	-0.499610
210	269	-0.452785
210	270	-0.454421
212	266	-0.410942
212	267	-0.480985
212	269	-0.422342
212	270	-0.407355
213	267	-0.426825
216	270	-0.402190
217	270	-0.461704
219	237	-0.407038
219	266	-0.405170
219	270	-0.421584
220	262	-0.434930
220	263	-0.456711
220	266	-0.417565
220	269	-0.409944
220	270	-0.576386
221	268	-0.425326
221	269	-0.464117
221	270	-0.530146
222	232	-0.479448
222	268	-0.416402
222	269	-0.492367
222	270	-0.477964
223	232	-0.512958
223	234	-0.428690
223	269	-0.473488
223	270	-0.432200
224	232	-0.534315
224	234	-0.436714
224	269	-0.476378
225	232	-0.425112
231	267	0.493102
231	268	0.413626
232	235	0.413663
232	236	0.441541
232	267	0.600931
232	268	0.564005
232	269	0.417572
232	272	-0.404399
232	273	-0.436205
234	267	0.501321
234	268	0.440010
234	269	0.465401
235	267	0.555732
235	268	0.480484
235	269	0.575146
235	270	0.409468
235	280	0.406697
236	266	0.446876
236	267	0.489663
236	269	0.528411
236	270	0.604347
236	280	0.416762
236	281	0.445136
237	263	0.428015
237	270	0.626109
237	276	-0.440597
237	281	0.496245
238	280	0.441407
238	281	0.534709
238	282	0.431354
239	281	0.448213
261	276	-0.466674
262	274	-0.459889
262	275	-0.417768
262	276	-0.477393
262	277	-0.435188
263	270	0.465415
263	274	-0.454980
263	275	-0.489685
263	276	-0.585944
263	277	-0.457100
264	276	-0.431112
265	266	-0.514274
265	267	-0.611249
265	268	-0.625398
265	269	-0.546546
268	272	-0.444453
268	273	-0.424333
269	271	-0.444983
269	272	-0.556048
269	273	-0.512867
269	274	-0.469923
270	272	-0.459731
270	273	-0.474300
270	274	-0.573789
270	275	-0.485601
270	276	-0.495980
