21	232	-0.510260
21	233	-0.478508
21	234	-0.631413
21	235	-0.600201
22	234	-0.550313
22	235	-0.610312
22	236	-0.584363
22	237	-0.498016
23	234	-0.515648
23	235	-0.520665
53	106	0.451359
54	104	0.495492
54	105	0.523302
54	106	0.564416
55	104	0.468389
55	105	0.468769
55	106	0.512085
58	106	0.457046
59	104	0.520087
59	105	0.507749
59	106	0.582742
60	104	0.539401
60	105	0.525820
60	106	0.540704
61	105	0.475687
61	106	0.471053
78	87	-0.504869
81	86	-0.481540
81	87	-0.612314
81	88	-0.473241
82	86	-0.674992
82	87	-0.623734
82	88	-0.562878
82	125	-0.504669
82	126	-0.528756
82	127	-0.642161
82	130	-0.589903
82	131	-0.685928
82	132	-0.480660
83	86	-0.529687
83	87	-0.645514
84	127	-0.523154
85	127	-0.525401
87	126	-0.450220
87	127	-0.529353
94	106	0.476797
95	106	0.476768
96	106	0.544374
96	107	0.480942
97	105	0.486247
97	106	0.559807
99	267	-0.467971
100	105	0.496802
100	106	0.501704
100	267	-0.619474
101	105	0.462223
101	106	0.483021
101	267	-0.537226
104	289	0.478936
106	113	0.494396
131	216	-0.452640
131	262	0.472302
131	275	-0.466659
131	276	-0.507231
131	277	-0.494444
132	276	-0.474879
133	267	0.482290
133	268	0.466033
134	267	0.470580
158	161	0.475580
159	162	0.471436
170	232	-0.452517
175	281	0.452898
176	281	0.548788
176	282	0.455958
177	281	0.542111
178	267	-0.526725
178	268	-0.493909
179	266	-0.502935
179	267	-0.781077
179	268	-0.648730
180	234	-0.451320
180	235	-0.453308
180	267	-0.454200
180	268	-0.521134
181	232	-0.588208
181	234	-0.606874
181	235	-0.517701
181	267	-0.575359
181	268	-0.606772
181	269	-0.519425
182	232	-0.460331
182	234	-0.502791
200	232	-0.522700
201	232	-0.535476
202	232	-0.517556
202	269	-0.481341
203	232	-0.511183
203	268	-0.465042
203	269	-0.547598
204	269	-0.499077
205	268	-0.462970
205	269	-0.521799
206	268	-0.461519
206	269	-0.515160
207	269	-0.464300
208	269	-0.500350
208	270	-0.460429
209	267	-0.459837
209	268	-0.456377
209	269	-0.519726
209	270	-0.499610
210	269	-0.452785
210	270	-0.454421
212	267	-0.480985
217	270	-0.461704
220	263	-0.456711
220	270	-0.576386
221	269	-0.464117
221	270	-0.530146
222	232	-0.479448
222	269	-0.492367
222	270	-0.477964
223	232	-0.512958
223	269	-0.473488
224	232	-0.534315
224	269	-0.476378
231	267	0.493102
232	267	0.600931
232	268	0.564005
234	267	0.501321
234	269	0.465401
235	267	0.555732
235	268	0.480484
235	269	0.575146
236	267	0.489663
236	269	0.528411
236	270	0.604347
237	270	0.626109
237	281	0.496245
238	281	0.534709
261	276	-0.466674
262	274	-0.459889
262	276	-0.477393
263	270	0.465415
263	274	-0.454980
263	275	-0.489685
263	276	-0.585944
263	277	-0.457100
265	266	-0.514274
265	267	-0.611249
265	268	-0.625398
265	269	-0.546546
269	272	-0.556048
269	273	-0.512867
269	274	-0.469923
270	272	-0.459731
270	273	-0.474300
270	274	-0.573789
270	275	-0.485601
270	276	-0.495980
