21	232	-0.510260
21	234	-0.631413
21	235	-0.600201
22	234	-0.550313
22	235	-0.610312
22	236	-0.584363
23	234	-0.515648
23	235	-0.520665
54	105	0.523302
54	106	0.564416
55	106	0.512085
59	104	0.520087
59	105	0.507749
59	106	0.582742
60	104	0.539401
60	105	0.525820
60	106	0.540704
78	87	-0.504869
81	87	-0.612314
82	86	-0.674992
82	87	-0.623734
82	88	-0.562878
82	125	-0.504669
82	126	-0.528756
82	127	-0.642161
82	130	-0.589903
82	131	-0.685928
83	86	-0.529687
83	87	-0.645514
84	127	-0.523154
85	127	-0.525401
87	127	-0.529353
96	106	0.544374
97	106	0.559807
100	106	0.501704
100	267	-0.619474
101	267	-0.537226
131	276	-0.507231
176	281	0.548788
177	281	0.542111
178	267	-0.526725
179	266	-0.502935
179	267	-0.781077
179	268	-0.648730
180	268	-0.521134
181	232	-0.588208
181	234	-0.606874
181	235	-0.517701
181	267	-0.575359
181	268	-0.606772
181	269	-0.519425
182	234	-0.502791
200	232	-0.522700
201	232	-0.535476
202	232	-0.517556
203	232	-0.511183
203	269	-0.547598
205	269	-0.521799
206	269	-0.515160
208	269	-0.500350
209	269	-0.519726
220	270	-0.576386
221	270	-0.530146
223	232	-0.512958
224	232	-0.534315
232	267	0.600931
232	268	0.564005
234	267	0.501321
235	267	0.555732
235	269	0.575146
236	269	0.528411
236	270	0.604347
237	270	0.626109
238	281	0.534709
263	276	-0.585944
265	266	-0.514274
265	267	-0.611249
265	268	-0.625398
265	269	-0.546546
269	272	-0.556048
269	273	-0.512867
270	274	-0.573789
