21	234	-0.631413
21	235	-0.600201
22	234	-0.550313
22	235	-0.610312
22	236	-0.584363
54	106	0.564416
59	106	0.582742
81	87	-0.612314
82	86	-0.674992
82	87	-0.623734
82	88	-0.562878
82	127	-0.642161
82	130	-0.589903
82	131	-0.685928
83	87	-0.645514
97	106	0.559807
100	267	-0.619474
179	267	-0.781077
179	268	-0.648730
181	232	-0.588208
181	234	-0.606874
181	267	-0.575359
181	268	-0.606772
220	270	-0.576386
232	267	0.600931
232	268	0.564005
235	267	0.555732
235	269	0.575146
236	270	0.604347
237	270	0.626109
263	276	-0.585944
265	267	-0.611249
265	268	-0.625398
269	272	-0.556048
270	274	-0.573789
