1.169500761543146750e+00
1.064184987443442587e+00
9.647700098339500041e-01
8.660070456555188922e-01
7.238362157197579805e-01
5.375598985520124717e-01
3.254632365711602193e-01
1.126587855123824811e-01
6.265636202452579129e-02
6.136346264952657892e-02
7.736903390392413371e-02
7.445094845323287081e-02
7.814903146017909696e-02
1.219227320391510216e-01
1.443523639587130092e-01
2.220684565940478084e-01
2.865984676173705670e-01
2.947953308812318873e-01
2.832102693064377785e-01
2.209114531145623950e-01
1.790612047291721409e-01
1.635640493573924104e-01
2.099125910907621018e-01
1.425757234386783590e-01
9.305808798410707128e-02
1.102556012519176898e-01
1.196984839117908317e-01
8.497097103110420879e-02
9.549399663620057599e-02
1.225897510818604319e-01
9.950708902687066537e-02
1.118392597415203277e-01
1.929368015050524354e-01
3.207322706762214537e-01
5.598957073643269222e-01
7.879674951655684101e-01
5.641529262264992350e-02
7.466496620058415967e-02
8.491226155912900975e-02
8.328140390464203180e-02
8.275107907977506672e-02
8.367610939915698376e-02
7.810825992527735406e-02
1.272172684757753303e-01
1.611685613752919521e-01
7.973967731120631952e-02
6.755590313827597448e-02
5.448367429019592562e-02
4.862364214494275388e-02
4.523857452980013100e-02
4.791811698156130117e-02
4.674062934840272215e-02
5.157972605247566900e-02
5.204798963550519297e-02
6.110784983554434779e-02
7.360979622040381143e-02
1.005114879210409623e-01
1.305732459525830724e-01
1.126501981297497595e-01
8.704542565769718410e-02
7.833171480278797172e-02
6.435984253441494329e-02
5.787911860598318053e-02
4.764431843464194544e-02
4.607618508017963938e-02
4.324144470624453201e-02
4.588713624166294858e-02
4.552839696738643360e-02
5.178283887876126979e-02
6.052140593353623477e-02
7.379903940955760688e-02
6.553476869725813336e-02
5.493126753345521640e-02
4.876515783729695047e-02
4.745781400472868367e-02
4.673686678412316414e-02
4.845700054790441635e-02
5.198245471449507160e-02
5.820040366960256562e-02
5.787036536096622219e-02
6.054589212911919149e-02
7.798355946528087723e-02
1.428867507334261322e-01
1.727374667577216694e-01
2.488996487668273250e-01
3.153096041740165445e-01
2.719003669918679811e-01
2.299160639980925847e-01
1.289091761031531391e-01
8.474694494631870856e-02
9.511307261376455990e-02
8.706184241271761048e-02
8.995660710647870872e-02
8.172016534983692071e-02
6.914039327291676695e-02
7.372935688317272529e-02
5.755481528677954678e-02
5.572208324823684639e-02
5.806905437221785565e-02
6.860516304183011949e-02
6.011176063874559133e-02
6.472581283512759964e-02
7.155215365982615927e-02
7.266432246822111807e-02
9.027620783557467610e-02
8.217012797629455467e-02
7.932777646048112807e-02
7.731227658238737366e-02
1.264264218299274434e-01
1.186110515212168148e-01
8.719422017112143930e-02
7.159516687543841795e-02
7.037928902546876364e-02
7.094630357335508786e-02
7.086150036434959998e-02
7.540460119804319461e-02
7.081338519277932675e-02
7.564106718523923301e-02
7.308344255161570990e-02
6.625135427566274104e-02
6.533056624385087663e-02
7.187819710960036135e-02
7.805640347866046880e-02
1.071938033405353818e-01
1.094280340173680172e-01
8.870080062350058081e-02
9.949677765962292031e-02
1.169177624811292282e-01
1.375772554628966471e-01
1.791866184687943009e-01
2.445674394147246133e-01
1.466882705960798616e-01
9.263039136426486075e-02
8.418872667536164700e-02
5.969863995355913916e-02
5.708925774267322589e-02
5.243699716683822287e-02
5.382692022871635174e-02
5.932972677749483170e-02
6.172951102785669691e-02
6.434623475578112040e-02
7.849507660217454330e-02
8.616018378873047112e-02
7.940101689761283610e-02
7.700774948955016463e-02
1.172685709156949529e-01
1.569729291574864238e-01
9.780576991123625386e-02
8.529751041620807495e-02
7.246804421012495445e-02
5.532832963372917578e-02
5.098277919468555824e-02
5.191539983698839622e-02
4.946984252879949029e-02
5.550947558645111940e-02
6.336975388943696941e-02
7.387819069621882895e-02
1.244223125698697835e-01
1.769489134432590816e-01
1.586689399962426528e-01
1.618601133357520649e-01
1.501570060464837153e-01
1.446941227560962495e-01
1.248142614187802840e-01
1.032621247420853761e-01
1.168416302211432445e-01
1.058713092903803416e-01
9.834545237543873553e-02
8.907699991615400381e-02
7.155708818920168690e-02
6.546518160397483965e-02
5.612358026896565460e-02
5.927614869573780837e-02
4.776488802025909142e-02
4.924847192862624734e-02
5.260751813529572496e-02
5.104662331109515588e-02
5.757589887148419766e-02
7.316261302288168400e-02
8.547878283207549499e-02
1.155732570034045531e-01
1.651972512965560747e-01
2.348117493167398984e-01
3.957899167527199613e-01
4.953076892510856477e-01
6.033721320110003727e-01
6.313195196867431580e-01
6.401354837063791825e-01
5.860469064524613803e-01
4.660190237197940899e-01
3.040513872583876509e-01
2.413810969905783588e-01
2.084158534487000058e-01
9.198854325318860103e-02
6.681056831500700732e-02
5.550605864576153153e-02
5.314089548501434862e-02
5.112927019338153051e-02
5.298576077331118572e-02
5.399815252463938120e-02
5.963736748537730448e-02
6.569668239072988525e-02
6.844319191869656371e-02
7.780220423226090476e-02
1.040105444624486175e-01
1.153060529193665057e-01
1.233253594647482632e-01
1.077709158933893435e-01
1.000348328005675191e-01
1.235280423470466460e-01
1.375139419423195286e-01
1.317180966398386610e-01
1.509980711150601118e-01
1.683210912099067647e-01
1.638235611250332402e-01
1.469470817138562591e-01
1.572876793092834735e-01
1.317343879729563072e-01
1.416628240325972787e-01
1.178175199941762646e-01
1.029380822596616812e-01
7.858216241616160225e-02
7.296110857338869438e-02
6.645233006005249465e-02
7.217586909141837648e-02
7.782321399633113090e-02
9.931388463182809490e-02
1.443727001981330305e-01
2.213932490007881893e-01
2.564533301536071064e-01
2.513991802921451413e-01
2.105757894106952965e-01
1.529705774277973773e-01
1.207056128384389887e-01
9.549545389109989624e-02
9.793651969336278351e-02
9.605439361738288273e-02
1.039150430959859817e-01
6.430114895044766743e-02
5.109169230852721177e-02
5.169423866857347782e-02
4.866528158089353934e-02
5.048855854009927369e-02
5.295131015903755539e-02
4.616588139239116012e-02
4.695856158729370955e-02
5.210848188421289551e-02
6.206343623412661353e-02
7.609145995655697270e-02
1.189689952305720555e-01
1.244763053192755320e-01
1.128215024108879666e-01
8.588189607386523261e-02
6.956320807001491191e-02
5.221951791962285011e-02
5.021982469340497551e-02
6.319137618705628068e-02
5.481372987591846130e-02
5.486391745470389769e-02
4.805365647010104851e-02
4.989577760739755119e-02
5.940873322170581866e-02
1.310600373814898023e-01
1.880981734402609740e-01
1.727697308061006964e-01
1.455775891841057101e-01
1.468567309116694808e-01
2.658653140866160669e-01
1.951538480636815509e-01
2.016291193201331655e-01
1.826751821347627480e-01
9.061537529710052274e-02
7.691931363803809762e-02
8.134820912552216676e-02
7.353707096195810644e-02
6.879666606898209025e-02
8.595071631327819150e-02
8.509247898885512196e-02
7.912363696619242881e-02
9.594625049160825092e-02
1.177752655849000768e-01
9.289948181073522104e-02
9.106709917821240174e-02
9.219640118573806109e-02
7.991496716847891479e-02
7.658892640232618787e-02
9.517031530900602054e-02
9.959843077131975975e-02
8.655066762542187875e-02
1.105402383166843722e-01
1.422787353239781394e-01
1.585509101622606665e-01
1.781590839101040713e-01
2.039865383119680298e-01
2.729615411183185514e-01
