7	154	-0.502665
52	106	0.528996
53	106	0.511307
54	104	0.593464
54	105	0.569386
54	106	0.612497
55	104	0.585241
55	105	0.529800
55	106	0.577963
56	104	0.502205
56	106	0.521784
57	104	0.530677
57	106	0.526800
57	176	0.511861
58	104	0.589207
58	105	0.538339
58	106	0.576737
59	104	0.650129
59	105	0.595867
59	106	0.657655
59	107	0.533781
60	104	0.609794
60	105	0.574976
60	106	0.595647
61	104	0.541305
61	105	0.551717
61	106	0.551028
96	106	0.566167
97	105	0.504380
97	106	0.570261
100	105	0.557037
100	106	0.538992
101	105	0.538727
101	106	0.542332
103	176	0.518662
104	176	0.529970
104	181	-0.520478
105	176	0.519742
105	195	0.534268
105	196	0.522394
106	176	0.513840
106	195	0.516406
106	196	0.514233
159	162	0.566393
159	200	0.500220
191	289	-0.530019
191	290	-0.503234
232	267	0.539595
