7	153	-0.489046
7	154	-0.502665
21	159	0.457809
36	103	0.483266
42	105	0.455807
50	176	0.474147
51	106	0.462975
52	105	0.488441
52	106	0.528996
53	104	0.456371
53	105	0.452160
53	106	0.511307
54	104	0.593464
54	105	0.569386
54	106	0.612497
54	107	0.488479
55	104	0.585241
55	105	0.529800
55	106	0.577963
56	100	0.494863
56	104	0.502205
56	106	0.521784
56	107	0.454140
56	176	0.493970
57	100	0.453520
57	102	0.469793
57	104	0.530677
57	105	0.476977
57	106	0.526800
57	107	0.456380
57	176	0.511861
57	177	0.460535
58	104	0.589207
58	105	0.538339
58	106	0.576737
58	107	0.467874
58	176	0.490456
59	104	0.650129
59	105	0.595867
59	106	0.657655
59	107	0.533781
60	104	0.609794
60	105	0.574976
60	106	0.595647
61	104	0.541305
61	105	0.551717
61	106	0.551028
61	189	-0.458918
62	104	0.475278
62	105	0.450054
62	106	0.467670
63	104	0.456040
63	105	0.452873
63	106	0.468800
93	104	0.450276
94	104	0.490172
94	106	0.489022
95	104	0.463574
95	106	0.491643
96	105	0.473343
96	106	0.566167
96	107	0.495648
97	105	0.504380
97	106	0.570261
100	105	0.557037
100	106	0.538992
100	199	0.450660
101	105	0.538727
101	106	0.542332
103	176	0.518662
103	177	0.462262
103	181	-0.474829
104	175	0.482146
104	176	0.529970
104	181	-0.520478
104	182	-0.476443
104	196	0.460713
104	290	0.469104
104	292	0.461488
105	175	0.466169
105	176	0.519742
105	195	0.534268
105	196	0.522394
106	113	0.458314
106	174	0.458698
106	175	0.478456
106	176	0.513840
106	181	-0.452989
106	195	0.516406
106	196	0.514233
159	162	0.566393
159	200	0.500220
159	201	0.489045
159	202	0.454765
159	222	0.455661
159	223	0.485962
159	224	0.458566
175	199	0.453380
176	199	0.496498
181	289	0.483761
183	253	-0.496555
189	290	-0.452515
191	289	-0.530019
191	290	-0.503234
191	292	-0.456820
191	293	-0.464731
232	267	0.539595
