0	7	0.429455
0	182	0.410574
0	183	0.407488
1	7	0.436932
2	7	0.446316
2	183	0.406721
3	7	0.414777
4	7	0.402690
5	7	0.405060
7	67	-0.401653
7	68	-0.424000
7	151	-0.411259
7	152	-0.424342
7	153	-0.489046
7	154	-0.502665
7	155	-0.410888
7	254	-0.404810
7	255	-0.403449
8	183	-0.422255
9	183	-0.419546
10	183	-0.441325
11	93	0.407383
11	181	-0.403740
11	183	-0.437461
11	184	-0.411656
21	159	0.457809
23	159	0.431435
36	103	0.483266
36	104	0.413263
36	106	0.400166
41	105	0.422282
41	106	0.402703
42	105	0.455807
42	106	0.432587
50	106	0.411693
50	107	0.400143
50	175	0.449512
50	176	0.474147
50	177	0.420130
50	236	0.416372
50	238	0.411897
50	239	0.400960
51	105	0.416092
51	106	0.462975
51	107	0.424188
52	104	0.447753
52	105	0.488441
52	106	0.528996
52	107	0.448351
53	104	0.456371
53	105	0.452160
53	106	0.511307
53	107	0.421303
54	103	0.405454
54	104	0.593464
54	105	0.569386
54	106	0.612497
54	107	0.488479
54	176	0.425838
55	104	0.585241
55	105	0.529800
55	106	0.577963
55	107	0.438890
55	176	0.447129
55	177	0.404591
56	99	0.448926
56	100	0.494863
56	101	0.435377
56	102	0.443549
56	104	0.502205
56	105	0.445269
56	106	0.521784
56	107	0.454140
56	175	0.412156
56	176	0.493970
56	177	0.449362
56	194	0.423567
56	195	0.422882
56	238	0.404710
57	99	0.405164
57	100	0.453520
57	101	0.408775
57	102	0.469793
57	104	0.530677
57	105	0.476977
57	106	0.526800
57	107	0.456380
57	175	0.446398
57	176	0.511861
57	177	0.460535
57	194	0.408272
57	238	0.433344
57	239	0.420387
58	102	0.441749
58	104	0.589207
58	105	0.538339
58	106	0.576737
58	107	0.467874
58	175	0.431794
58	176	0.490456
58	177	0.436024
58	188	-0.435338
58	189	-0.423481
58	238	0.425516
58	239	0.419990
59	102	0.436832
59	104	0.650129
59	105	0.595867
59	106	0.657655
59	107	0.533781
59	176	0.419540
60	104	0.609794
60	105	0.574976
60	106	0.595647
60	107	0.423470
60	189	-0.409913
61	104	0.541305
61	105	0.551717
61	106	0.551028
61	107	0.414292
61	189	-0.458918
61	190	-0.402942
62	104	0.475278
62	105	0.450054
62	106	0.467670
63	104	0.456040
63	105	0.452873
63	106	0.468800
63	107	0.407975
64	105	0.411148
64	106	0.437163
93	104	0.450276
93	106	0.424140
94	104	0.490172
94	105	0.415560
94	106	0.489022
95	104	0.463574
95	105	0.415994
95	106	0.491643
96	104	0.438067
96	105	0.473343
96	106	0.566167
96	107	0.495648
97	104	0.432599
97	105	0.504380
97	106	0.570261
97	107	0.429408
100	105	0.557037
100	106	0.538992
100	170	0.407288
100	171	0.400141
100	173	0.403431
100	198	0.408412
100	199	0.450660
100	200	0.410344
100	267	-0.415142
101	104	0.403188
101	105	0.538727
101	106	0.542332
101	199	0.404262
102	181	-0.434117
103	175	0.430606
103	176	0.518662
103	177	0.462262
103	181	-0.474829
103	236	0.446317
103	238	0.431276
103	239	0.445095
104	160	0.427601
104	175	0.482146
104	176	0.529970
104	177	0.415339
104	181	-0.520478
104	182	-0.476443
104	183	-0.413218
104	184	-0.415586
104	195	0.447900
104	196	0.460713
104	239	0.447931
104	240	0.409087
104	289	0.427677
104	290	0.469104
104	291	0.446063
104	292	0.461488
104	293	0.426786
105	174	0.443388
105	175	0.466169
105	176	0.519742
105	177	0.410158
105	181	-0.427736
105	182	-0.431235
105	184	-0.415390
105	194	0.432522
105	195	0.534268
105	196	0.522394
105	197	0.408444
105	239	0.435043
105	240	0.403389
105	289	0.407435
105	290	0.442833
105	291	0.417086
105	292	0.433748
105	293	0.417406
106	111	0.423007
106	113	0.458314
106	174	0.458698
106	175	0.478456
106	176	0.513840
106	181	-0.452989
106	182	-0.436468
106	183	-0.408371
106	184	-0.424552
106	194	0.422515
106	195	0.516406
106	196	0.514233
106	239	0.442116
106	240	0.420577
123	267	0.441593
124	265	0.400829
159	162	0.566393
159	170	0.439789
159	189	-0.418620
159	200	0.500220
159	201	0.489045
159	202	0.454765
159	222	0.455661
159	223	0.485962
159	224	0.458566
159	225	0.403271
175	189	-0.400000
175	199	0.453380
176	180	-0.442931
176	182	-0.406123
176	189	-0.425951
176	198	0.430012
176	199	0.496498
176	232	0.411670
176	281	0.426442
177	182	-0.406081
177	199	0.448577
178	199	0.419762
180	239	-0.400177
181	289	0.483761
181	290	0.416119
182	189	0.440746
182	190	0.449487
182	242	-0.400291
183	190	0.402297
183	253	-0.496555
183	254	-0.434203
184	191	0.416204
184	253	-0.410240
189	195	-0.428386
189	196	-0.422563
189	290	-0.452515
189	291	-0.421288
189	292	-0.431798
190	289	-0.401432
190	290	-0.435155
190	292	-0.408846
190	293	-0.402373
191	289	-0.530019
191	290	-0.503234
191	291	-0.403954
191	292	-0.456820
191	293	-0.464731
192	290	-0.423347
195	199	0.407792
195	200	0.403750
199	239	0.421718
199	281	-0.431649
200	267	0.419175
200	290	0.400645
200	291	0.422352
200	292	0.407862
201	267	0.407602
223	267	0.418141
224	267	0.415170
232	267	0.539595
232	291	0.411736
232	292	0.407730
